70 294
70 294
70 294
70 294
70 294
70 294
70 294
70 294
70 294
70 294
70 294
70 294
70 294
70 294
70 294
70 294
70 294
70 294
70 294
70 294
70 294
70 294
70 294
70 294
70 294
70 294
70 294
70 294
70 294
70 294
Two block
70 365
70 365
70 365
70 365
70 365
70 365
70 365
70 365
70 365
70 365
70 365
70 365
70 365
70 365
70 365
70 365
70 365
70 365
70 376
70 365
70 365
70 365
70 365
70 365
70 365
70 365
70 365
70 365
70 365
70 365
1024 bytes
70 4752
70 4763
70 4753
70 4753
70 4753
70 4764
70 4753
70 4753
70 4753
70 4764
70 4753
70 4753
70 4753
70 4767
70 4753
70 4753
70 4753
70 4767
70 4753
70 4753
70 4753
70 4766
70 4753
70 4753
70 4753
70 4767
70 4753
70 4753
70 4753
70 4767
