260 461
260 462
261 462
260 462
260 462
260 462
260 462
260 462
260 462
260 462
260 462
260 462
260 461
260 462
260 462
260 462
260 462
260 462
260 462
260 462
261 462
260 462
260 462
260 462
260 462
260 462
260 462
260 462
260 462
260 462
Two block
260 890
261 890
260 890
260 890
261 890
260 890
260 900
260 890
260 890
260 890
260 890
260 890
260 890
260 890
260 890
260 890
261 890
260 890
260 890
261 890
260 890
261 890
260 890
260 890
261 890
261 890
260 890
260 890
261 890
260 890
1024 bytes
260 27645
260 27645
260 27647
261 27656
260 27646
261 27645
261 27645
260 27645
260 27646
260 27645
261 27646
261 27645
260 27657
260 27645
260 27646
260 27646
261 27645
261 27646
260 27647
261 27646
261 27646
260 27656
260 27645
260 27645
260 27646
260 27646
260 27657
261 27645
260 27645
260 27646