80 295
80 295
80 295
80 295
80 295
80 295
80 295
80 295
80 295
80 295
80 295
80 295
80 295
80 295
80 295
80 295
80 295
80 295
80 295
80 295
80 295
80 295
80 295
80 295
80 295
80 295
80 295
80 295
80 295
80 295
Two block
80 367
80 367
80 378
80 367
80 367
80 367
80 367
80 367
80 367
80 367
80 367
80 367
80 367
80 367
80 367
80 367
80 367
80 367
80 367
80 367
80 367
80 367
80 367
80 367
80 367
80 367
80 367
80 367
80 367
80 367
1024 bytes
80 4754
80 4755
80 4755
80 4755
80 4755
80 4755
80 4755
80 4755
80 4755
80 4755
80 4755
80 4755
80 4755
80 4755
80 4755
80 4755
80 4755
90 4755
80 4755
80 4755
80 4755
80 4754
80 4755
80 4755
80 4755
80 4754
80 4755
80 4755
80 4755
80 4755