249 533
249 533
249 533
249 533
249 533
249 533
249 533
249 533
249 533
249 533
249 533
249 533
258 533
249 533
249 533
249 533
249 533
249 533
249 533
249 533
249 533
249 533
249 533
249 533
249 544
249 533
249 533
249 533
249 533
249 533
Two block
249 1039
249 1039
249 1039
249 1039
249 1039
249 1039
249 1039
249 1039
249 1039
249 1039
249 1039
249 1039
249 1039
249 1039
249 1050
249 1039
249 1039
249 1039
249 1039
249 1039
249 1039
249 1039
249 1039
249 1039
249 1040
249 1039
249 1039
249 1039
249 1039
249 1039
1024 bytes
249 32165
249 32165
249 32165
249 32176
249 32165
249 32176
249 32166
249 32165
249 32175
249 32166
249 32175
249 32165
249 32166
249 32175
249 32165
249 32175
249 32165
249 32165
249 32175
249 32165
249 32175
249 32166
249 32165
249 32175
249 32165
249 32176
249 32165
249 32164
249 32175
249 32166