324 603
324 604
324 604
324 604
324 604
324 604
324 604
324 604
324 604
324 604
324 604
324 603
324 604
324 604
324 604
324 604
324 604
324 604
324 604
324 604
324 604
324 604
324 604
324 604
324 604
324 604
324 604
324 604
324 604
324 604
Two block
324 1178
324 1179
324 1179
324 1178
324 1179
324 1179
324 1179
324 1179
324 1179
324 1179
324 1179
324 1179
324 1179
324 1179
324 1179
324 1179
324 1179
324 1179
324 1179
324 1179
324 1189
324 1179
324 1179
324 1179
324 1179
324 1179
324 1179
324 1179
324 1179
324 1189
1024 bytes
324 36683
324 36695
324 36685
324 36696
324 36696
324 36684
324 36695
324 36684
324 36695
324 36684
324 36684
324 36694
324 36684
324 36696
324 36684
324 36684
324 36695
324 36684
324 36695
324 36684
334 36684
324 36695
324 36684
324 36695
324 36684
324 36683
324 36694
324 36684
324 36694
324 36684