320 603
319 604
320 604
320 604
320 604
320 604
319 604
319 604
320 604
319 604
319 604
320 603
319 604
320 604
319 604
319 604
320 604
320 604
319 604
320 604
320 604
320 604
319 604
320 604
320 604
319 604
319 604
320 604
319 604
319 604
Two block
249 1038
249 1038
249 1038
249 1050
249 1038
250 1038
249 1038
250 1038
250 1038
250 1038
249 1038
249 1038
250 1038
260 1038
250 1038
249 1038
250 1038
249 1038
250 1038
249 1038
249 1038
250 1038
249 1049
250 1038
249 1038
249 1038
250 1038
249 1038
250 1038
250 1038
1024 bytes
250 32175
249 32164
250 32164
260 32164
249 32164
249 32174
250 32164
250 32164
250 32164
250 32164
250 32174
249 32164
250 32174
249 32164
250 32164
250 32175
249 32164
249 32174
250 32164
250 32164
250 32175
250 32163
249 32174
249 32164
249 32164
250 32174
250 32164
250 32174
249 32164
249 32164