92 295
91 295
92 295
91 295
92 295
91 295
92 295
92 295
92 295
92 295
92 295
92 295
91 295
92 295
92 295
92 295
91 295
92 295
92 295
92 295
91 295
92 295
92 295
92 295
92 295
91 295
92 295
92 295
92 295
91 295
Two block
92 366
92 366
92 366
92 366
92 366
92 366
91 366
92 366
91 366
92 366
92 366
92 366
92 366
92 366
91 366
91 366
92 366
91 366
92 366
92 366
92 366
92 366
91 366
91 366
91 366
92 366
92 366
92 366
92 366
91 366
1024 bytes
92 4768
92 4754
92 4754
92 4754
92 4768
91 4754
92 4754
92 4754
92 4766
91 4754
92 4754
92 4754
91 4765
91 4754
92 4754
92 4754
92 4764
91 4754
91 4754
91 4754
92 4765
91 4754
92 4754
92 4754
91 4765
91 4754
91 4754
92 4754
92 4765
92 4754