34 250
34 251
34 251
34 251
34 251
34 251
34 251
34 251
34 251
34 251
34 251
34 251
34 251
34 251
34 251
34 251
34 251
34 251
34 251
34 251
34 251
34 251
34 251
34 251
34 251
34 251
34 251
34 251
34 251
34 251
2 bloki
34 298
34 298
34 298
34 298
34 309
35 298
35 298
34 298
34 298
34 298
35 298
35 298
34 298
35 298
34 298
34 298
34 298
34 298
35 298
34 298
35 298
34 309
34 298
34 298
34 298
34 298
34 298
35 298
34 298
34 298
1024
35 6220
35 6230
35 6219
35 6219
35 6230
35 6219
35 6219
35 6219
35 6229
35 6219
34 6219
35 6230
34 6219
35 6219
35 6230
35 6219
35 6219
35 6230
35 6219
35 6219
35 6219
35 6220
35 6219
35 6219
34 6230
35 6219
34 6219
35 6230
35 6219
35 6219