Sha One block: 
16;45;629
17;45;629
17;45;629
16;45;629
17;45;629
16;45;629
16;45;629
16;45;629
17;45;629
16;45;629
16;45;629
16;45;629
17;45;629
17;45;629
17;45;629
17;45;629
16;45;629
16;45;629
16;45;629
17;45;629
17;45;629
16;45;629
16;45;629
16;45;629
16;45;629
16;45;629
16;45;629
16;45;629
16;45;629
16;45;629
Sha Two blocks: 
17 611 633
16 611 634
17 611 633
16 611 633
17 611 633
17 611 633
16 611 633
16 611 633
17 611 633
16 611 633
16 611 633
17 611 633
16 611 633
16 611 633
16 611 633
16 611 633
17 611 633
16 611 633
16 622 633
16 611 633
16 611 633
16 611 633
16 611 633
16 611 633
17 611 633
16 611 633
17 611 635
17 611 633
16 611 633
16 611 633
Sha 1024 bytes: 
16 9356 632
16 9367 632
16 9356 632
16 9367 632
17 9356 632
16 9366 632
17 9356 632
17 9366 632
16 9356 632
16 9367 632
16 9356 632
17 9366 632
16 9356 632
16 9366 632
17 9356 632
17 9366 632
17 9356 632
16 9367 632
17 9356 632
16 9367 632
17 9356 632
16 9367 632
17 9356 632
17 9367 632
16 9356 632
17 9366 633
16 9356 632
17 9356 634
16 9356 632
16 9356 644